# This file may be used to create an environment using:
# $ conda create --name <env> --file <this file>
# platform: linux-64
absl-py=0.1.10=py36_0
binutils_impl_linux-64=2.31.1=h6176602_1
binutils_linux-64=2.31.1=h6176602_7
blas=1.0=mkl
bleach=1.5.0=py36_0
ca-certificates=2019.3.9=hecc5488_0
certifi=2019.3.9=py36_0
cffi=1.12.3=py36h2e261b9_0
click=6.7=py36_0
flask=0.12.2=py36hb24657c_0
freetype=2.9.1=h8a8886c_1
gcc_impl_linux-64=7.3.0=habb00fd_1
gcc_linux-64=7.3.0=h553295d_7
gevent=1.4.0=py36h7b6447c_0
greenlet=0.4.15=py36h7b6447c_0
gxx_impl_linux-64=7.3.0=hdf63c60_1
gxx_linux-64=7.3.0=h553295d_7
h5py=2.7.1=py36ha1f6525_2
hdf5=1.10.2=hba1933b_1
html5lib=0.9999999=py36_0
intel-openmp=2019.4=243
itsdangerous=0.24=py36_1
jinja2=2.10=py36_0
jpeg=9b=habf39ab_1
keras=2.2.4=py36_1
keras-applications=1.0.7=py_1
keras-preprocessing=1.0.9=py_1
libedit=3.1.20181209=hc058e9b_0
libffi=3.2.1=hd88cf55_4
libgcc-ng=8.2.0=hdf63c60_1
libgfortran=3.0.0=1
libgfortran-ng=7.3.0=hdf63c60_0
libgpuarray=0.7.6=h14c3975_0
libpng=1.6.37=hbc83047_0
libprotobuf=3.5.2=h6f1eeef_0
libstdcxx-ng=8.2.0=hdf63c60_1
libtiff=4.0.10=h2733197_2
mako=1.0.10=py_0
markdown=2.6.11=py36_0
markupsafe=1.0=py36h14c3975_1
mkl=2018.0.3=1
mkl-service=1.1.2=py36h90e4bf4_5
mock=3.0.5=py36_0
ncurses=6.1=he6710b0_1
numpy=1.14.1=py36ha266831_2
olefile=0.46=py36_0
openssl=1.1.1b=h14c3975_1
pbr=5.2.1=py_0
pillow=6.0.0=py36h34e0f95_0
pip=19.1.1=py36_0
protobuf=3.5.1=py36hf484d3e_0
pycparser=2.19=py36_0
pygpu=0.7.6=py36h035aef0_0
python=3.6.8=h0371630_0
pyyaml=3.12=py36h14c3975_1
readline=7.0=h7b6447c_5
scikit-learn=0.20.1=py36h4989274_0
scipy=1.0.0=py36hbf646e7_0
setuptools=41.0.1=py36_0
six=1.11.0=py36_1
sqlite=3.28.0=h7b6447c_0
tensorflow=1.5.0=0
tensorflow-base=1.5.0=py36hff88cb2_1
tensorflow-tensorboard=1.5.1=py36hf484d3e_1
theano=1.0.3=py36hfd86e86_0
tk=8.6.8=hbc83047_0
werkzeug=0.14.1=py36_0
wheel=0.33.4=py36_0
xz=5.2.4=h14c3975_4
yaml=0.1.7=h14c3975_1001
zlib=1.2.11=h7b6447c_3
zstd=1.3.7=h0b5b093_0
